{
  "advancedEditorSelectedIdentifier" : "ProjectBrowser",
  "openSceneRelativePaths" : [
    "Scene.usda",
    "Ground.usda"
  ],
  "recentIdentifiers" : {
    "00252F18-76D3-4AA1-B438-12A810338038" : [

    ]
  },
  "sceneCameraHistory" : {
    "00252F18-76D3-4AA1-B438-12A810338038" : [
      {
        "date" : 767379330.9843,
        "title" : "Untitled",
        "transform" : [
          0.9164171,
          -1.7193042e-08,
          -0.4002244,
          0,
          -0.108309165,
          0.9626859,
          -0.24800186,
          0,
          0.38529038,
          0.27062112,
          0.8822219,
          0,
          0.21595651,
          0.15122591,
          0.52561456,
          1
        ]
      },
      {
        "date" : 767379316.913603,
        "title" : "Untitled",
        "transform" : [
          0.9164171,
          -1.7193042e-08,
          -0.4002244,
          0,
          -0.108309165,
          0.9626859,
          -0.24800186,
          0,
          0.38529038,
          0.27062112,
          0.8822219,
          0,
          0.15588205,
          0.10915811,
          0.3793999,
          1
        ]
      },
      {
        "date" : 767379304.120163,
        "title" : "Untitled",
        "transform" : [
          0.9164171,
          -1.860825e-08,
          -0.4002244,
          0,
          -0.10830915,
          0.9626859,
          -0.24800183,
          0,
          0.38529038,
          0.2706211,
          0.8822219,
          0,
          0.17922407,
          0.12550354,
          0.43621182,
          1
        ]
      },
      {
        "date" : 767379259.283353,
        "title" : "Untitled",
        "transform" : [
          0.9164171,
          -1.2572877e-08,
          -0.4002244,
          0,
          -0.10830915,
          0.9626859,
          -0.2480018,
          0,
          0.38529038,
          0.27062106,
          0.8822219,
          0,
          0.95775485,
          0.8718751,
          1.4807899,
          1
        ]
      },
      {
        "date" : 767379237.814281,
        "title" : "Untitled",
        "transform" : [
          0.9164172,
          -5.829694e-09,
          -0.4002244,
          0,
          -0.101057105,
          0.9675966,
          -0.23139636,
          0,
          0.3872558,
          0.25250113,
          0.8867221,
          0,
          0.6150339,
          0.31062835,
          0.8394625,
          1
        ]
      },
      {
        "date" : 767379235.236148,
        "title" : "Untitled",
        "transform" : [
          0.9164172,
          -5.829694e-09,
          -0.4002244,
          0,
          -0.101057105,
          0.9675966,
          -0.23139636,
          0,
          0.3872558,
          0.25250113,
          0.8867221,
          0,
          1.9069612,
          0.96312785,
          2.60282,
          1
        ]
      },
      {
        "date" : 767379233.064832,
        "title" : "Untitled",
        "transform" : [
          0.9164171,
          -6.103836e-09,
          -0.4002244,
          0,
          -0.10105712,
          0.96759665,
          -0.23139635,
          0,
          0.38725585,
          0.25250113,
          0.886722,
          0,
          0.068341345,
          0.20835266,
          0.4877813,
          1
        ]
      },
      {
        "date" : 767379197.47752,
        "title" : "Untitled",
        "transform" : [
          0.9164171,
          -6.103836e-09,
          -0.4002244,
          0,
          -0.10105712,
          0.96759665,
          -0.23139635,
          0,
          0.38725585,
          0.25250113,
          0.886722,
          0,
          0.4132669,
          0.43325317,
          1.2775768,
          1
        ]
      },
      {
        "date" : 767379180.892462,
        "title" : "Untitled",
        "transform" : [
          -0.4459046,
          -6.68183e-09,
          -0.89508057,
          0,
          -0.36406752,
          0.91354287,
          0.18136847,
          0,
          0.8176942,
          0.40674275,
          -0.40735292,
          0,
          1.1759808,
          0.6451221,
          -0.4377066,
          1
        ]
      },
      {
        "date" : 767379165.616052,
        "title" : "Untitled",
        "transform" : [
          0.9235411,
          -1.0308212e-08,
          -0.3834994,
          0,
          -0.10499484,
          0.9617921,
          -0.252848,
          0,
          0.36884668,
          0.273781,
          0.88825446,
          0,
          0.26795527,
          0.21931547,
          0.579088,
          1
        ]
      }
    ],
    "36571D03-C0C1-4A58-AB09-834CB8142729" : [
      {
        "date" : 767379394.837844,
        "title" : "Untitled",
        "transform" : [
          1,
          0,
          0,
          0,
          0,
          0.7071069,
          -0.70710677,
          0,
          0,
          0.70710677,
          0.7071069,
          0,
          0,
          1.7646437,
          1.7646439,
          1
        ]
      }
    ]
  },
  "sceneViewportBackgroundColors" : {

  },
  "selectedSceneRelativePath" : "Scene.usda"
}